0,540
0,539
0,538
0,537
56,35
56,34
56,33
56,32
56,31
56,30
56,29
56,28
56,27
56,26
56,25
56,24
56,23
56,22
56,21
56,20
56,19
56,18
56,17
56,16
56,15
56,14
56,13
56,12
0,536
0,535
56,11
56,10
56,9
56,8
56,7
56,6
0,534
0,533
0,532
0,531
56,5
0,530
0,529
0,528
0,527
58,7
58,6
58,5
58,4
58,3
58,2
0,526
58,1
58,0
57,5
57,4
57,3
57,2
57,1
57,0
56,4
56,3
56,2
56,1
56,0
55,4
55,3
55,2
55,1
55,0
54,8
54,7
54,6
54,5
54,4
54,3
54,2
54,1
54,0
14,6
53,5
53,4
53,3
53,2
53,1
53,0
52,4
52,3
52,2
52,1
52,0
51,5
51,4
51,3
51,2
51,1
51,0
50,5
50,4
50,3
50,2
50,1
50,0
49,5
49,4
49,3
49,2
49,1
49,0
45,8
45,7
45,6
0,525
48,7
48,6
48,5
48,4
48,3
48,2
48,1
48,0
47,7
47,6
47,5
47,4
47,3
47,2
0,524
47,1
47,0
46,7
46,6
46,5
46,4
46,3
46,2
0,523
46,1
46,0
0,522
45,5
45,4
45,3
45,2
45,1
45,0
44,4
44,3
44,2
44,1
44,0
43,4
43,3
43,2
43,1
43,0
42,5
42,4
42,3
42,2
42,1
42,0
41,4
41,3
41,2
41,1
41,0
